# Goxel 0.8.0
# One line per voxel
# X Y Z RRGGBB
-22 -25 91 333333
-21 -25 91 444444
-20 -25 91 555555
-19 -25 91 444444
-22 -24 91 333333
-21 -24 91 444444
-20 -24 91 444444
-19 -24 91 444444
-23 -23 91 444444
-22 -23 91 333333
-21 -23 91 444444
-20 -23 91 444444
-19 -23 91 555555
-18 -23 91 444444
-23 -22 91 555555
-22 -22 91 666666
-21 -22 91 666666
-20 -22 91 666666
-19 -22 91 666666
-18 -22 91 555555
-23 -21 91 666666
-22 -21 91 666666
-21 -21 91 555555
-20 -21 91 666666
-19 -21 91 666666
-18 -21 91 333333
-21 -20 91 444444
-20 -20 91 555555
-19 -20 91 777777
-21 -26 92 444444
-23 -25 92 555555
-22 -25 92 444444
-20 -25 92 555555
-19 -25 92 444444
-24 -24 92 333333
-23 -24 92 333333
-18 -24 92 555555
-24 -23 92 444444
-18 -23 92 222222
-24 -22 92 555555
-18 -22 92 555555
-24 -21 92 444444
-18 -21 92 666666
-24 -20 92 555555
-23 -20 92 444444
-22 -20 92 666666
-18 -20 92 666666
-22 -19 92 666666
-21 -19 92 555555
-20 -19 92 666666
-19 -19 92 777777
-18 -19 92 666666
-23 -25 93 444444
-22 -25 93 555555
-21 -25 93 555555
-20 -25 93 444444
-24 -24 93 444444
-19 -24 93 555555
-18 -24 93 555555
-25 -23 93 666666
-18 -23 93 333333
-25 -22 93 666666
-17 -22 93 555555
-24 -21 93 444444
-17 -21 93 444444
-24 -20 93 444444
-17 -20 93 444444
-23 -19 93 555555
-18 -19 93 555555
-22 -18 93 555555
-21 -18 93 555555
-20 -18 93 555555
-19 -18 93 666666
-18 -18 93 666666
-24 -24 94 666666
-23 -24 94 666666
-22 -24 94 444444
-21 -24 94 666666
-20 -24 94 666666
-19 -24 94 444444
-24 -23 94 666666
-18 -23 94 555555
-25 -22 94 666666
-17 -22 94 333333
-24 -21 94 444444
-17 -21 94 444444
-24 -20 94 333333
-17 -20 94 444444
-24 -19 94 555555
-17 -19 94 555555
-23 -18 94 555555
-22 -18 94 333333
-18 -18 94 666666
-21 -17 94 555555
-20 -17 94 333333
-19 -17 94 444444
-18 -17 94 555555
-23 -24 95 555555
-22 -24 95 555555
-21 -24 95 666666
-20 -24 95 777777
-19 -24 95 444444
-24 -23 95 666666
-18 -23 95 555555
-17 -23 95 444444
-24 -22 95 777777
-17 -22 95 444444
-25 -21 95 777777
-17 -21 95 444444
-24 -20 95 444444
-17 -20 95 222222
-24 -19 95 555555
-17 -19 95 444444
-23 -18 95 333333
-17 -18 95 444444
-22 -17 95 444444
-17 -17 95 555555
-20 -24 96 666666
-23 -23 96 666666
-22 -23 96 555555
-21 -23 96 444444
-19 -23 96 444444
-18 -23 96 555555
-17 -23 96 444444
-24 -22 96 666666
-17 -22 96 333333
-24 -21 96 666666
-24 -20 96 555555
-24 -19 96 444444
-23 -18 96 555555
-23 -17 96 444444
-23 -23 97 555555
-22 -23 97 555555
-21 -23 97 555555
-20 -23 97 666666
-19 -23 97 444444
-18 -23 97 444444
-24 -22 97 555555
-17 -22 97 444444
-24 -21 97 555555
-24 -20 97 555555
-24 -19 97 555555
-23 -18 97 444444
-23 -17 97 222222
-22 -23 98 444444
-21 -23 98 666666
-20 -23 98 555555
-19 -23 98 555555
-18 -23 98 444444
-17 -23 98 444444
-23 -22 98 555555
-24 -21 98 555555
-24 -20 98 555555
-24 -19 98 555555
-23 -18 98 333333
-23 -17 98 333333
-21 -23 99 555555
-20 -23 99 666666
-19 -23 99 666666
-18 -23 99 333333
-17 -23 99 333333
-22 -22 99 555555
-23 -21 99 555555
-23 -20 99 555555
-24 -19 99 444444
-24 -18 99 333333
-23 -17 99 444444
-21 -23 100 333333
-20 -23 100 333333
-19 -23 100 333333
-18 -23 100 333333
-17 -23 100 333333
-22 -22 100 444444
-23 -21 100 444444
-23 -20 100 333333
-24 -19 100 444444
-24 -18 100 555555
-24 -17 100 444444
-20 -23 101 333333
-19 -23 101 333333
-18 -23 101 333333
-22 -22 101 333333
-21 -22 101 333333
-17 -22 101 333333
-23 -21 101 444444
-23 -20 101 444444
-24 -19 101 333333
-23 -18 101 444444
-23 -17 101 333333
-19 -23 102 333333
-18 -23 102 333333
-21 -22 102 333333
-20 -22 102 444444
-17 -22 102 333333
-22 -21 102 333333
-23 -20 102 444444
-23 -19 102 555555
-23 -18 102 333333
-23 -17 102 444444
-21 -22 103 333333
-20 -22 103 444444
-19 -22 103 666666
-18 -22 103 444444
-17 -22 103 555555
-22 -21 103 444444
-23 -20 103 555555
-23 -19 103 444444
-23 -18 103 444444
-23 -17 103 444444
-19 -22 104 555555
-21 -21 104 555555
-20 -21 104 444444
-18 -21 104 444444
-17 -21 104 666666
-22 -20 104 333333
-22 -19 104 333333
-22 -18 104 333333
-22 -17 104 444444
-19 -21 105 333333
-21 -20 105 333333
-20 -20 105 333333
-18 -20 105 555555
-17 -20 105 777777
-21 -19 105 444444
-22 -18 105 333333
-22 -17 105 444444
-19 -20 106 444444
-18 -20 106 444444
-20 -19 106 444444
-17 -19 106 333333
-21 -18 106 555555
-21 -17 106 555555
-19 -19 107 333333
-18 -19 107 333333
-20 -18 107 444444
-19 -18 107 333333
-17 -18 107 555555
-20 -17 107 555555
-18 -18 108 444444
-19 -17 108 333333
-17 -17 108 333333
-18 -17 109 444444
-17 -17 109 333333
-18 -17 110 444444
-16 -21 96 333333
-16 -20 96 333333
-16 -19 96 222222
-16 -18 96 333333
-16 -17 96 333333
-16 -21 97 222222
-16 -20 97 333333
-16 -19 97 333333
-15 -18 97 333333
-15 -17 97 444444
-16 -22 98 333333
-16 -21 98 333333
-15 -20 98 333333
-15 -19 98 444444
-15 -18 98 333333
-15 -17 98 444444
-16 -22 99 333333
-16 -21 99 333333
-15 -20 99 333333
-15 -19 99 333333
-15 -18 99 555555
-15 -17 99 555555
-16 -22 100 333333
-15 -21 100 333333
-15 -20 100 333333
-15 -19 100 444444
-15 -18 100 555555
-15 -17 100 444444
-16 -22 101 333333
-15 -21 101 444444
-15 -20 101 555555
-15 -19 101 444444
-15 -18 101 555555
-14 -17 101 444444
-16 -22 102 333333
-16 -21 102 333333
-15 -20 102 444444
-15 -19 102 444444
-15 -18 102 555555
-14 -17 102 555555
-16 -21 103 333333
-15 -20 103 444444
-15 -19 103 444444
-15 -18 103 333333
-14 -17 103 444444
-16 -20 104 333333
-15 -19 104 333333
-15 -18 104 444444
-14 -17 104 666666
-16 -19 105 555555
-15 -18 105 555555
-14 -17 105 777777
-16 -19 106 333333
-15 -18 106 333333
-15 -17 106 444444
-16 -18 107 444444
-15 -17 107 444444
-16 -17 108 333333
-16 -17 109 333333
-16 -17 110 444444
-46 16 96 666666
-46 17 96 777777
-46 18 96 777777
-46 19 96 777777
-46 20 96 777777
-47 21 96 666666
-46 21 96 777777
-48 22 96 555555
-46 16 97 777777
-45 17 97 777777
-45 18 97 777777
-45 19 97 777777
-45 20 97 888888
-46 21 97 888888
-45 21 97 777777
-47 22 97 666666
-48 23 97 555555
-47 23 97 555555
-45 16 98 888888
-44 17 98 777777
-44 18 98 777777
-44 19 98 888888
-45 20 98 888888
-45 21 98 777777
-46 22 98 666666
-48 23 98 444444
-47 23 98 666666
-45 16 99 777777
-44 17 99 888888
-44 18 99 888888
-44 19 99 777777
-44 20 99 777777
-44 21 99 777777
-45 22 99 666666
-48 23 99 444444
-47 23 99 555555
-46 23 99 555555
-44 16 100 888888
-43 17 100 888888
-43 18 100 888888
-43 19 100 888888
-43 20 100 888888
-43 21 100 888888
-44 22 100 777777
-48 23 100 333333
-47 23 100 444444
-46 23 100 555555
-45 23 100 666666
-43 16 101 777777
-42 17 101 888888
-41 17 101 888888
-42 18 101 888888
-41 18 101 777777
-42 19 101 888888
-41 19 101 777777
-42 20 101 888888
-42 21 101 888888
-43 22 101 777777
-48 23 101 333333
-47 23 101 333333
-46 23 101 555555
-45 23 101 555555
-44 23 101 666666
-42 16 102 777777
-41 16 102 777777
-40 17 102 888888
-40 18 102 888888
-39 18 102 888888
-40 19 102 888888
-39 19 102 888888
-41 20 102 888888
-40 20 102 777777
-41 21 102 888888
-40 21 102 777777
-42 22 102 777777
-41 22 102 888888
-48 23 102 333333
-44 23 102 888888
-43 23 102 666666
-42 23 102 777777
-47 24 102 333333
-46 24 102 555555
-45 24 102 444444
-40 16 103 777777
-39 17 103 777777
-38 17 103 888888
-38 18 103 888888
-38 19 103 888888
-39 20 103 888888
-39 21 103 777777
-40 22 103 777777
-39 22 103 777777
-41 23 103 777777
-40 23 103 777777
-48 24 103 444444
-47 24 103 333333
-46 24 103 444444
-45 24 103 444444
-44 24 103 444444
-43 24 103 555555
-42 24 103 555555
-39 16 104 777777
-38 16 104 777777
-37 17 104 777777
-37 18 104 777777
-37 19 104 888888
-38 20 104 777777
-37 20 104 777777
-38 21 104 777777
-37 21 104 777777
-38 22 104 777777
-48 23 104 333333
-39 23 104 666666
-38 23 104 777777
-47 24 104 444444
-46 24 104 444444
-45 24 104 444444
-44 24 104 444444
-43 24 104 555555
-42 24 104 444444
-41 24 104 555555
-40 24 104 666666
-37 16 105 777777
-36 16 105 777777
-36 17 105 888888
-35 17 105 888888
-34 17 105 888888
-36 18 105 888888
-35 18 105 888888
-34 18 105 777777
-33 18 105 777777
-36 19 105 888888
-35 19 105 888888
-34 19 105 777777
-36 20 105 888888
-35 20 105 777777
-36 21 105 777777
-35 21 105 777777
-37 22 105 777777
-48 23 105 333333
-37 23 105 777777
-47 24 105 444444
-46 24 105 444444
-45 24 105 444444
-44 24 105 444444
-43 24 105 444444
-42 24 105 333333
-41 24 105 444444
-40 24 105 444444
-39 24 105 666666
-38 24 105 666666
-48 16 106 444444
-35 16 106 888888
-34 16 106 777777
-33 16 106 777777
-33 17 106 777777
-33 19 106 777777
-34 20 106 777777
-33 20 106 777777
-34 21 106 777777
-33 21 106 777777
-36 22 106 777777
-35 22 106 777777
-34 22 106 777777
-33 22 106 555555
-48 23 106 333333
-36 23 106 777777
-35 23 106 666666
-34 23 106 777777
-33 23 106 777777
-47 24 106 444444
-46 24 106 444444
-45 24 106 333333
-44 24 106 444444
-43 24 106 555555
-42 24 106 333333
-41 24 106 333333
-40 24 106 444444
-38 24 106 666666
-37 24 106 666666
-39 25 106 333333
-48 16 107 555555
-48 22 107 333333
-47 23 107 444444
-46 23 107 444444
-45 23 107 444444
-44 24 107 444444
-43 24 107 333333
-42 24 107 222222
-41 24 107 333333
-36 24 107 777777
-35 24 107 777777
-34 24 107 666666
-33 24 107 666666
-40 25 107 444444
-39 25 107 444444
-38 25 107 444444
-37 25 107 666666
-36 25 107 666666
-35 25 107 666666
-34 25 107 666666
-33 25 107 666666
-48 16 108 333333
-47 16 108 333333
-48 17 108 555555
-48 18 108 444444
-48 19 108 555555
-48 21 108 333333
-48 22 108 333333
-47 22 108 333333
-46 23 108 444444
-45 23 108 333333
-44 23 108 444444
-43 23 108 444444
-42 24 108 333333
-41 24 108 222222
-40 25 108 333333
-39 25 108 444444
-38 25 108 555555
-37 25 108 555555
-36 25 108 555555
-35 26 108 555555
-34 26 108 555555
-33 26 108 555555
-46 16 109 333333
-45 16 109 444444
-44 16 109 444444
-43 16 109 555555
-42 16 109 444444
-47 17 109 333333
-46 17 109 333333
-47 18 109 555555
-48 19 109 444444
-47 19 109 444444
-48 20 109 444444
-47 20 109 333333
-47 21 109 333333
-46 21 109 333333
-46 22 109 333333
-45 22 109 333333
-44 23 109 555555
-43 23 109 333333
-42 23 109 333333
-41 24 109 333333
-40 24 109 333333
-39 25 109 666666
-38 25 109 333333
-37 25 109 444444
-36 26 109 777777
-35 26 109 555555
-34 26 109 666666
-33 26 109 444444
-42 16 110 555555
-41 16 110 444444
-45 17 110 444444
-44 17 110 444444
-43 17 110 555555
-46 18 110 555555
-45 18 110 333333
-46 19 110 333333
-46 20 110 222222
-45 21 110 222222
-44 22 110 444444
-43 22 110 333333
-42 23 110 555555
-41 24 110 555555
-40 24 110 444444
-39 25 110 444444
-38 25 110 444444
-37 26 110 333333
-36 26 110 555555
-35 26 110 444444
-34 26 110 555555
-33 26 110 444444
-32 16 106 777777
-31 16 106 666666
-32 17 106 777777
-31 17 106 666666
-32 18 106 777777
-31 18 106 777777
-32 19 106 777777
-31 19 106 777777
-32 20 106 777777
-31 20 106 777777
-32 21 106 777777
-31 21 106 666666
-32 22 106 666666
-30 16 107 777777
-29 16 107 888888
-30 17 107 777777
-29 17 107 777777
-30 18 107 888888
-29 18 107 777777
-30 19 107 777777
-29 19 107 777777
-30 20 107 888888
-29 20 107 777777
-30 21 107 666666
-29 21 107 777777
-31 22 107 666666
-30 22 107 777777
-29 22 107 777777
-32 23 107 777777
-31 23 107 666666
-30 23 107 777777
-32 24 107 666666
-31 24 107 777777
-28 16 108 777777
-27 16 108 777777
-28 17 108 888888
-27 17 108 888888
-28 18 108 888888
-27 18 108 888888
-28 19 108 777777
-27 19 108 888888
-28 20 108 777777
-27 20 108 777777
-28 21 108 777777
-27 21 108 777777
-28 22 108 777777
-27 22 108 777777
-29 23 108 777777
-28 23 108 777777
-27 23 108 777777
-30 24 108 666666
-29 24 108 888888
-28 24 108 888888
-32 25 108 666666
-31 25 108 666666
-30 25 108 555555
-26 16 109 777777
-25 16 109 888888
-24 16 109 888888
-26 17 109 888888
-25 17 109 888888
-24 17 109 888888
-26 18 109 777777
-25 18 109 888888
-24 18 109 888888
-26 19 109 888888
-25 19 109 777777
-24 19 109 777777
-23 19 109 888888
-26 20 109 888888
-25 20 109 777777
-24 20 109 888888
-23 20 109 888888
-26 21 109 777777
-25 21 109 888888
-24 21 109 888888
-23 21 109 777777
-26 22 109 777777
-25 22 109 777777
-24 22 109 777777
-23 22 109 777777
-26 23 109 666666
-25 23 109 777777
-24 23 109 777777
-27 24 109 777777
-26 24 109 777777
-25 24 109 777777
-29 25 109 666666
-28 25 109 555555
-27 25 109 666666
-26 25 109 777777
-25 25 109 777777
-32 26 109 555555
-31 26 109 555555
-30 26 109 666666
-23 16 110 777777
-22 16 110 777777
-21 16 110 888888
-23 17 110 888888
-22 17 110 888888
-21 17 110 777777
-23 18 110 888888
-22 18 110 777777
-21 18 110 777777
-20 18 110 777777
-22 19 110 777777
-21 19 110 777777
-20 19 110 666666
-19 19 110 777777
-22 20 110 777777
-21 20 110 888888
-20 20 110 777777
-19 20 110 777777
-22 21 110 777777
-21 21 110 777777
-20 21 110 666666
-19 21 110 777777
-22 22 110 777777
-21 22 110 777777
-20 22 110 666666
-19 22 110 777777
-23 23 110 666666
-22 23 110 777777
-21 23 110 777777
-24 24 110 777777
-23 24 110 666666
-22 24 110 666666
-25 25 110 666666
-24 25 110 666666
-23 25 110 666666
-32 26 110 666666
-31 26 110 555555
-30 26 110 666666
-29 26 110 666666
-28 26 110 666666
-27 26 110 555555
-26 26 110 666666
-56 16 87 333333
-55 16 87 444444
-54 16 87 555555
-53 16 87 444444
-56 17 87 666666
-55 17 87 555555
-54 17 87 666666
-53 17 87 444444
-52 17 87 444444
-57 18 87 111111
-56 18 87 444444
-55 18 87 555555
-54 18 87 444444
-53 18 87 666666
-52 18 87 555555
-57 19 87 111111
-56 19 87 333333
-55 19 87 333333
-54 19 87 555555
-53 19 87 666666
-56 20 87 444444
-55 20 87 444444
-54 20 87 444444
-58 16 88 222222
-57 16 88 444444
-52 16 88 333333
-58 17 88 110000
-57 17 88 110000
-51 17 88 555555
-58 18 88 222222
-51 18 88 666666
-58 19 88 222222
-52 19 88 555555
-51 19 88 666666
-57 20 88 444444
-53 20 88 555555
-52 20 88 666666
-56 21 88 333333
-55 21 88 222222
-54 21 88 555555
-53 21 88 555555
-52 21 88 555555
-58 16 89 222222
-51 16 89 222222
-58 17 89 333333
-50 17 89 444444
-58 18 89 333333
-50 18 89 444444
-58 19 89 333333
-50 19 89 444444
-58 20 89 222222
-51 20 89 555555
-58 21 89 333333
-57 21 89 333333
-56 21 89 555555
-55 21 89 222222
-52 21 89 555555
-54 22 89 555555
-53 22 89 555555
-58 16 90 333333
-50 16 90 333333
-58 17 90 111111
-50 17 90 444444
-58 18 90 444444
-50 18 90 333333
-58 19 90 555555
-50 19 90 333333
-58 20 90 555555
-51 20 90 666666
-57 21 90 666666
-56 21 90 666666
-52 21 90 333333
-51 21 90 555555
-55 22 90 333333
-54 22 90 444444
-53 22 90 555555
-57 16 91 222222
-50 16 91 222222
-58 17 91 222222
-49 17 91 222222
-58 18 91 222222
-50 18 91 333333
-58 19 91 555555
-50 19 91 333333
-57 20 91 666666
-50 20 91 444444
-57 21 91 666666
-56 21 91 666666
-51 21 91 444444
-55 22 91 666666
-54 22 91 444444
-53 22 91 222222
-52 22 91 444444
-57 16 92 444444
-49 16 92 444444
-57 17 92 444444
-49 17 92 444444
-57 18 92 555555
-49 18 92 333333
-57 19 92 666666
-49 19 92 222222
-57 20 92 666666
-49 20 92 333333
-57 21 92 666666
-56 21 92 666666
-51 21 92 333333
-50 21 92 333333
-55 22 92 666666
-54 22 92 666666
-53 22 92 444444
-52 22 92 222222
-56 16 93 444444
-49 16 93 333333
-57 17 93 444444
-57 18 93 555555
-57 19 93 555555
-57 20 93 555555
-56 21 93 666666
-49 21 93 333333
-55 22 93 777777
-54 22 93 555555
-53 22 93 444444
-52 22 93 222222
-51 22 93 333333
-50 22 93 333333
-56 16 94 333333
-56 17 94 444444
-57 18 94 444444
-57 19 94 555555
-57 20 94 444444
-56 21 94 555555
-55 22 94 666666
-54 22 94 555555
-53 22 94 444444
-52 22 94 444444
-50 22 94 333333
-49 22 94 444444
-51 23 94 333333
-56 16 95 444444
-56 17 95 444444
-56 18 95 555555
-56 19 95 555555
-56 20 95 444444
-56 21 95 555555
-55 22 95 555555
-54 22 95 444444
-49 22 95 444444
-53 23 95 333333
-52 23 95 333333
-51 23 95 333333
-50 23 95 333333
-56 16 96 444444
-56 17 96 444444
-56 18 96 444444
-56 19 96 444444
-56 20 96 333333
-56 21 96 333333
-55 22 96 333333
-54 22 96 333333
-53 23 96 333333
-52 23 96 333333
-51 23 96 333333
-50 23 96 444444
-49 23 96 555555
-55 16 97 333333
-56 17 97 333333
-56 18 97 333333
-56 19 97 444444
-56 20 97 444444
-56 21 97 333333
-55 22 97 444444
-54 23 97 333333
-53 23 97 333333
-52 23 97 333333
-51 23 97 444444
-50 23 97 555555
-49 23 97 444444
-55 16 98 444444
-56 17 98 333333
-56 18 98 333333
-56 19 98 444444
-56 20 98 333333
-56 21 98 333333
-55 22 98 333333
-54 22 98 333333
-53 23 98 333333
-52 23 98 444444
-51 23 98 555555
-50 23 98 444444
-49 23 98 555555
-55 16 99 444444
-55 17 99 444444
-55 18 99 777777
-56 19 99 666666
-56 20 99 444444
-55 21 99 555555
-54 22 99 333333
-53 23 99 333333
-52 23 99 333333
-51 23 99 333333
-50 23 99 333333
-49 23 99 444444
-54 16 100 333333
-53 16 100 333333
-54 17 100 333333
-55 18 100 666666
-55 19 100 555555
-55 20 100 444444
-54 21 100 444444
-54 22 100 333333
-53 22 100 444444
-52 23 100 333333
-51 23 100 333333
-50 23 100 333333
-49 23 100 666666
-53 16 101 333333
-52 16 101 333333
-51 16 101 444444
-54 17 101 333333
-53 17 101 333333
-54 18 101 333333
-54 19 101 333333
-54 20 101 333333
-53 21 101 444444
-52 22 101 444444
-51 22 101 333333
-50 23 101 333333
-49 23 101 444444
-51 16 102 444444
-50 16 102 666666
-52 17 102 333333
-53 18 102 444444
-53 19 102 444444
-53 20 102 333333
-52 21 102 444444
-51 22 102 333333
-50 22 102 333333
-49 23 102 444444
-50 16 103 444444
-51 17 103 444444
-52 18 103 333333
-52 19 103 333333
-52 20 103 333333
-51 21 103 555555
-50 22 103 333333
-49 23 103 444444
-50 16 104 444444
-49 16 104 444444
-51 17 104 333333
-51 18 104 444444
-51 19 104 222222
-51 20 104 333333
-50 21 104 444444
-50 22 104 222222
-49 23 104 222222
-49 16 105 444444
-50 17 105 333333
-51 18 105 333333
-51 19 105 333333
-51 20 105 333333
-50 21 105 444444
-50 22 105 333333
-49 23 105 222222
-49 17 106 444444
-50 18 106 555555
-50 19 106 333333
-50 20 106 333333
-50 21 106 444444
-50 22 106 444444
-49 22 106 333333
-49 17 107 666666
-49 18 107 555555
-49 19 107 333333
-49 20 107 666666
-49 21 107 333333
-49 22 107 333333
-49 20 108 555555
-48 17 93 555555
-48 18 93 333333
-48 19 93 333333
-48 20 93 333333
-48 16 94 666666
-47 17 94 555555
-47 18 94 666666
-48 19 94 444444
-48 20 94 666666
-48 21 94 333333
-47 16 95 777777
-47 17 95 888888
-47 18 95 777777
-47 19 95 888888
-47 20 95 666666
-48 21 95 888888
-48 22 95 777777
-51 2 86 333333
-55 0 87 222222
-54 0 87 222222
-53 0 87 444444
-52 0 87 666666
-51 0 87 666666
-50 0 87 222222
-55 1 87 111111
-54 1 87 222222
-53 1 87 333333
-52 1 87 555555
-51 1 87 333333
-50 1 87 222222
-55 2 87 222222
-54 2 87 222222
-53 2 87 111111
-52 2 87 333333
-50 2 87 333333
-49 2 87 333333
-54 3 87 110000
-53 3 87 111111
-52 3 87 333333
-51 3 87 333333
-50 3 87 333333
-49 3 87 333333
-52 4 87 333333
-51 4 87 333333
-50 4 87 333333
-55 15 87 444444
-54 15 87 555555
-56 0 88 333333
-49 0 88 333333
-56 1 88 333333
-49 1 88 333333
-56 2 88 222222
-55 3 88 222222
-54 4 88 333333
-53 4 88 222222
-50 4 88 444444
-49 4 88 444444
-53 5 88 222222
-52 5 88 222222
-51 5 88 222222
-54 14 88 333333
-57 15 88 333333
-56 15 88 111111
-55 15 88 111111
-53 15 88 222222
-55 0 89 333333
-55 1 89 444444
-55 2 89 555555
-55 3 89 666666
-54 4 89 222222
-49 4 89 333333
-53 5 89 444444
-51 5 89 111111
-50 5 89 111111
-52 6 89 333333
-55 14 89 111111
-54 14 89 111111
-53 14 89 111111
-57 15 89 222222
-56 15 89 111111
-52 15 89 111111
-55 0 90 444444
-55 1 90 444444
-55 2 90 555555
-55 3 90 666666
-54 4 90 444444
-53 5 90 666666
-49 5 90 222222
-52 6 90 333333
-51 6 90 333333
-50 6 90 222222
-55 14 90 110000
-54 14 90 111111
-53 14 90 111111
-57 15 90 111111
-56 15 90 222222
-52 15 90 111111
-51 15 90 110000
-54 0 91 555555
-55 1 91 444444
-55 2 91 444444
-55 3 91 555555
-54 4 91 666666
-53 5 91 666666
-52 6 91 111111
-51 6 91 222222
-50 6 91 222222
-49 6 91 333333
-55 14 91 111111
-54 14 91 110000
-53 14 91 222222
-52 14 91 333333
-56 15 91 333333
-51 15 91 111111
-54 0 92 555555
-54 1 92 555555
-54 2 92 666666
-54 3 92 777777
-54 4 92 666666
-53 5 92 444444
-52 6 92 444444
-51 6 92 333333
-50 6 92 222222
-49 6 92 333333
-54 14 92 444444
-53 14 92 333333
-52 14 92 333333
-56 15 92 222222
-55 15 92 222222
-51 15 92 222222
-50 15 92 333333
-53 0 93 666666
-54 1 93 444444
-54 2 93 555555
-54 3 93 666666
-53 4 93 555555
-53 5 93 555555
-52 6 93 444444
-51 6 93 222222
-50 6 93 222222
-49 6 93 444444
-53 14 93 444444
-52 14 93 111111
-51 14 93 111111
-50 14 93 333333
-55 15 93 222222
-54 15 93 333333
-49 15 93 333333
-53 0 94 666666
-53 1 94 333333
-53 2 94 555555
-53 3 94 555555
-53 4 94 666666
-53 5 94 555555
-52 6 94 222222
-51 6 94 222222
-50 7 94 222222
-49 7 94 444444
-53 14 94 333333
-52 14 94 111111
-51 14 94 222222
-50 14 94 333333
-49 14 94 555555
-55 15 94 222222
-54 15 94 333333
-49 15 94 444444
-53 0 95 555555
-53 1 95 444444
-53 2 95 555555
-53 3 95 444444
-53 4 95 555555
-53 5 95 555555
-52 6 95 333333
-51 6 95 333333
-50 7 95 333333
-49 7 95 333333
-53 14 95 333333
-52 14 95 333333
-51 14 95 333333
-50 14 95 444444
-49 14 95 555555
-55 15 95 333333
-54 15 95 333333
-48 1 88 333333
-48 2 88 222222
-48 3 88 444444
-48 0 89 333333
-47 1 89 444444
-47 2 89 333333
-48 3 89 333333
-48 4 89 333333
-47 0 90 333333
-47 1 90 333333
-47 2 90 222222
-47 3 90 222222
-48 4 90 333333
-48 5 90 222222
-46 0 91 333333
-46 1 91 222222
-46 2 91 222222
-46 3 91 222222
-47 4 91 333333
-48 5 91 222222
-47 5 91 444444
-46 0 92 222222
-45 1 92 333333
-45 2 92 333333
-46 3 92 222222
-46 4 92 333333
-47 5 92 333333
-48 6 92 333333
-45 0 93 333333
-45 1 93 333333
-45 2 93 333333
-45 3 93 555555
-46 4 93 444444
-46 5 93 555555
-48 6 93 222222
-47 6 93 444444
-44 0 94 555555
-44 1 94 666666
-45 2 94 666666
-45 3 94 555555
-45 4 94 777777
-46 5 94 666666
-47 6 94 666666
-46 6 94 555555
-48 7 94 555555
-44 0 95 666666
-44 1 95 666666
-44 2 95 777777
-44 3 95 777777
-44 4 95 666666
-45 5 95 666666
-46 6 95 555555
-45 6 95 666666
-48 7 95 555555
-47 7 95 555555
-48 14 95 555555
-48 15 95 666666
-52 0 96 555555
-53 1 96 444444
-53 2 96 444444
-53 3 96 444444
-53 4 96 444444
-53 5 96 333333
-52 6 96 333333
-51 6 96 333333
-50 7 96 333333
-49 7 96 444444
-53 14 96 333333
-52 14 96 333333
-51 14 96 333333
-50 14 96 444444
-49 14 96 444444
-55 15 96 333333
-54 15 96 222222
-52 0 97 444444
-53 1 97 555555
-53 2 97 444444
-53 3 97 444444
-53 4 97 333333
-52 5 97 333333
-51 6 97 666666
-50 6 97 444444
-49 7 97 666666
-53 14 97 333333
-52 14 97 333333
-51 14 97 444444
-50 14 97 444444
-49 14 97 555555
-55 15 97 333333
-54 15 97 333333
-52 0 98 555555
-52 1 98 555555
-52 2 98 444444
-53 3 98 555555
-52 4 98 444444
-52 5 98 444444
-51 6 98 444444
-50 6 98 444444
-49 6 98 333333
-53 14 98 333333
-52 14 98 333333
-51 14 98 444444
-50 14 98 555555
-49 14 98 444444
-54 15 98 444444
-51 0 99 666666
-52 1 99 555555
-52 2 99 555555
-52 3 99 666666
-52 4 99 444444
-51 5 99 333333
-50 6 99 444444
-49 6 99 444444
-51 14 99 444444
-50 14 99 444444
-49 14 99 444444
-54 15 99 444444
-53 15 99 444444
-52 15 99 333333
-50 0 100 444444
-51 1 100 555555
-51 2 100 555555
-51 3 100 555555
-51 4 100 444444
-50 5 100 555555
-49 5 100 555555
-49 14 100 444444
-52 15 100 333333
-51 15 100 333333
-50 15 100 333333
-49 0 101 333333
-50 1 101 444444
-50 2 101 444444
-50 3 101 444444
-50 4 101 666666
-49 5 101 333333
-50 15 101 333333
-49 15 101 333333
-49 1 102 222222
-49 2 102 333333
-49 3 102 333333
-49 4 102 333333
-49 15 102 444444
-49 2 103 444444
-49 3 103 333333
-49 15 103 444444
-43 0 96 555555
-43 1 96 666666
-43 2 96 777777
-43 3 96 777777
-43 4 96 777777
-44 5 96 666666
-46 6 96 666666
-45 6 96 666666
-44 6 96 666666
-48 7 96 444444
-47 7 96 666666
-48 14 96 555555
-47 15 96 666666
-43 0 97 555555
-42 1 97 666666
-42 2 97 888888
-42 3 97 777777
-42 4 97 777777
-43 5 97 777777
-44 6 97 777777
-43 6 97 777777
-48 7 97 444444
-47 7 97 555555
-46 7 97 555555
-45 7 97 666666
-48 14 97 666666
-47 15 97 555555
-42 0 98 666666
-41 1 98 666666
-41 2 98 777777
-41 3 98 777777
-42 4 98 666666
-42 5 98 777777
-43 6 98 666666
-48 7 98 333333
-47 7 98 555555
-46 7 98 666666
-45 7 98 666666
-44 7 98 666666
-48 14 98 555555
-47 15 98 555555
-46 15 98 555555
-41 0 99 666666
-41 1 99 777777
-41 2 99 888888
-41 3 99 777777
-41 4 99 777777
-41 5 99 888888
-48 6 99 444444
-42 6 99 777777
-47 7 99 555555
-46 7 99 666666
-45 7 99 666666
-44 7 99 555555
-43 7 99 666666
-48 14 99 444444
-47 15 99 555555
-46 15 99 666666
-45 15 99 777777
-41 0 100 666666
-40 1 100 888888
-40 2 100 888888
-40 3 100 888888
-40 4 100 888888
-40 5 100 888888
-48 6 100 555555
-41 6 100 777777
-47 7 100 444444
-46 7 100 444444
-45 7 100 555555
-44 7 100 555555
-43 7 100 555555
-42 7 100 888888
-48 14 100 555555
-47 15 100 444444
-46 15 100 666666
-45 15 100 666666
-40 0 101 666666
-39 0 101 666666
-39 1 101 777777
-38 1 101 777777
-39 2 101 777777
-38 2 101 777777
-39 3 101 888888
-38 3 101 888888
-39 4 101 666666
-38 4 101 777777
-39 5 101 777777
-38 5 101 888888
-48 6 101 444444
-47 6 101 444444
-40 6 101 777777
-39 6 101 777777
-46 7 101 555555
-45 7 101 444444
-44 7 101 555555
-43 7 101 555555
-42 7 101 777777
-41 7 101 666666
-40 7 101 888888
-39 7 101 777777
-48 15 101 555555
-47 15 101 666666
-46 15 101 555555
-45 15 101 555555
-44 15 101 777777
-48 0 102 333333
-38 0 102 666666
-37 0 102 666666
-37 1 102 777777
-36 1 102 777777
-37 2 102 777777
-36 2 102 777777
-37 3 102 888888
-36 3 102 888888
-37 4 102 777777
-36 4 102 888888
-48 5 102 555555
-37 5 102 777777
-36 5 102 777777
-47 6 102 333333
-38 6 102 888888
-37 6 102 888888
-46 7 102 444444
-45 7 102 444444
-44 7 102 666666
-43 7 102 777777
-42 7 102 666666
-40 7 102 666666
-39 7 102 888888
-38 7 102 888888
-41 8 102 666666
-48 15 102 555555
-47 15 102 444444
-46 15 102 555555
-45 15 102 777777
-44 15 102 666666
-43 15 102 555555
-42 15 102 777777
-48 0 103 222222
-47 0 103 555555
-36 0 103 666666
-35 0 103 777777
-48 1 103 222222
-35 1 103 777777
-35 2 103 777777
-34 2 103 777777
-35 3 103 777777
-34 3 103 777777
-48 4 103 333333
-35 4 103 888888
-48 5 103 555555
-35 5 103 777777
-47 6 103 333333
-36 6 103 777777
-35 6 103 888888
-46 7 103 444444
-45 7 103 555555
-44 7 103 444444
-37 7 103 777777
-36 7 103 666666
-43 8 103 555555
-42 8 103 666666
-41 8 103 666666
-40 8 103 777777
-39 8 103 777777
-38 8 103 777777
-46 14 103 555555
-48 15 103 333333
-47 15 103 444444
-45 15 103 555555
-44 15 103 555555
-43 15 103 555555
-42 15 103 555555
-41 15 103 666666
-40 15 103 777777
-47 0 104 444444
-34 0 104 777777
-33 0 104 666666
-48 1 104 333333
-34 1 104 888888
-33 1 104 777777
-48 2 104 333333
-33 2 104 777777
-48 3 104 333333
-33 3 104 777777
-48 4 104 333333
-34 4 104 777777
-33 4 104 777777
-47 5 104 555555
-34 5 104 777777
-33 5 104 777777
-47 6 104 555555
-34 6 104 777777
-33 6 104 777777
-46 7 104 444444
-45 7 104 444444
-35 7 104 777777
-34 7 104 666666
-33 7 104 777777
-44 8 104 333333
-43 8 104 555555
-42 8 104 555555
-41 8 104 555555
-40 8 104 666666
-39 8 104 666666
-38 8 104 666666
-37 8 104 777777
-36 8 104 666666
-34 8 104 777777
-46 14 104 444444
-45 14 104 444444
-44 14 104 333333
-48 15 104 555555
-47 15 104 444444
-43 15 104 444444
-42 15 104 444444
-41 15 104 555555
-40 15 104 666666
-39 15 104 777777
-47 0 105 444444
-47 1 105 444444
-48 2 105 333333
-48 3 105 333333
-48 4 105 333333
-47 5 105 333333
-47 6 105 444444
-46 6 105 333333
-45 7 105 444444
-44 7 105 444444
-40 7 105 666666
-43 8 105 444444
-42 8 105 444444
-41 8 105 666666
-39 8 105 666666
-38 8 105 555555
-35 8 105 777777
-33 8 105 777777
-37 9 105 666666
-36 9 105 666666
-35 9 105 777777
-34 9 105 777777
-33 9 105 777777
-34 10 105 888888
-33 10 105 777777
-34 11 105 777777
-33 11 105 777777
-33 12 105 777777
-33 13 105 666666
-46 14 105 333333
-45 14 105 333333
-44 14 105 444444
-43 14 105 444444
-33 14 105 666666
-48 15 105 444444
-47 15 105 444444
-42 15 105 555555
-41 15 105 555555
-40 15 105 777777
-39 15 105 777777
-38 15 105 777777
-46 0 106 444444
-46 1 106 444444
-47 2 106 444444
-47 3 106 888888
-47 4 106 555555
-47 5 106 444444
-46 6 106 333333
-45 7 106 333333
-44 7 106 333333
-43 7 106 333333
-42 7 106 555555
-41 7 106 666666
-40 7 106 555555
-39 8 106 555555
-38 8 106 555555
-37 8 106 555555
-36 9 106 666666
-36 10 106 666666
-35 10 106 666666
-36 11 106 777777
-35 11 106 666666
-36 12 106 777777
-35 12 106 777777
-34 12 106 888888
-36 13 106 888888
-35 13 106 888888
-34 13 106 777777
-45 14 106 333333
-44 14 106 444444
-43 14 106 444444
-37 14 106 888888
-36 14 106 888888
-35 14 106 777777
-34 14 106 777777
-47 15 106 444444
-46 15 106 444444
-42 15 106 555555
-41 15 106 444444
-40 15 106 777777
-39 15 106 666666
-38 15 106 777777
-37 15 106 777777
-36 15 106 777777
-35 15 106 888888
-34 15 106 777777
-33 15 106 777777
-45 0 107 444444
-45 1 107 444444
-46 2 107 555555
-46 3 107 555555
-46 4 107 555555
-46 5 107 444444
-45 5 107 555555
-45 6 107 333333
-44 6 107 444444
-43 7 107 333333
-42 7 107 444444
-41 7 107 666666
-40 7 107 777777
-39 7 107 888888
-38 8 107 777777
-37 9 107 777777
-36 10 107 888888
-36 11 107 888888
-36 12 107 777777
-36 13 107 888888
-38 14 107 888888
-37 14 107 777777
-47 15 107 555555
-46 15 107 444444
-45 15 107 444444
-44 15 107 333333
-43 15 107 555555
-42 15 107 333333
-41 15 107 777777
-40 15 107 888888
-39 15 107 888888
-44 0 108 444444
-43 0 108 333333
-45 1 108 333333
-44 1 108 444444
-45 2 108 444444
-45 3 108 444444
-45 4 108 333333
-44 5 108 555555
-43 6 108 333333
-42 6 108 333333
-41 6 108 555555
-40 6 108 666666
-39 7 108 666666
-38 8 108 666666
-37 9 108 777777
-36 10 108 888888
-36 11 108 888888
-36 12 108 888888
-36 13 108 888888
-38 14 108 888888
-37 14 108 888888
-46 15 108 333333
-45 15 108 333333
-44 15 108 444444
-43 15 108 444444
-42 15 108 555555
-41 15 108 777777
-40 15 108 777777
-39 15 108 777777
-43 0 109 222222
-42 0 109 666666
-43 1 109 333333
-44 2 109 444444
-44 3 109 444444
-44 4 109 444444
-43 4 109 333333
-43 5 109 333333
-42 6 109 444444
-41 6 109 666666
-40 6 109 555555
-39 7 109 666666
-38 8 109 777777
-37 8 109 777777
-36 9 109 888888
-36 10 109 777777
-36 11 109 888888
-36 12 109 888888
-36 13 109 777777
-38 14 109 777777
-37 14 109 777777
-41 15 109 666666
-40 15 109 777777
-39 15 109 777777
-41 0 110 555555
-40 0 110 555555
-42 1 110 444444
-43 2 110 444444
-42 2 110 444444
-43 3 110 666666
-42 4 110 333333
-42 5 110 555555
-41 5 110 333333
-40 6 110 666666
-39 7 110 777777
-38 7 110 666666
-37 8 110 666666
-36 9 110 777777
-36 10 110 777777
-35 11 110 777777
-36 12 110 888888
-36 13 110 888888
-38 14 110 666666
-37 14 110 777777
-40 15 110 777777
-39 15 110 666666
-32 1 104 777777
-32 2 104 777777
-32 3 104 777777
-31 3 104 777777
-30 3 104 777777
-32 4 104 777777
-31 4 104 777777
-30 4 104 777777
-29 4 104 777777
-32 5 104 777777
-31 5 104 777777
-30 5 104 777777
-29 5 104 777777
-32 6 104 777777
-31 6 104 777777
-30 6 104 777777
-32 7 104 777777
-31 7 104 777777
-32 0 105 666666
-31 0 105 666666
-30 0 105 777777
-19 0 105 777777
-18 0 105 777777
-17 0 105 888888
-31 1 105 777777
-30 1 105 888888
-29 1 105 777777
-31 2 105 777777
-30 2 105 777777
-29 2 105 777777
-28 2 105 777777
-29 3 105 777777
-28 3 105 888888
-27 3 105 888888
-28 4 105 888888
-27 4 105 888888
-28 5 105 777777
-27 5 105 888888
-29 6 105 777777
-28 6 105 666666
-30 7 105 777777
-29 7 105 777777
-28 7 105 777777
-32 8 105 777777
-31 8 105 777777
-30 8 105 777777
-32 9 105 777777
-31 9 105 777777
-32 10 105 777777
-31 10 105 777777
-32 11 105 777777
-32 12 105 777777
-32 13 105 666666
-29 0 106 777777
-28 0 106 777777
-27 0 106 777777
-21 0 106 777777
-20 0 106 888888
-28 1 106 777777
-27 1 106 888888
-26 1 106 777777
-21 1 106 777777
-20 1 106 888888
-19 1 106 777777
-18 1 106 777777
-17 1 106 777777
-27 2 106 666666
-26 2 106 777777
-20 2 106 888888
-19 2 106 888888
-18 2 106 777777
-17 2 106 777777
-26 3 106 777777
-26 4 106 888888
-26 5 106 777777
-27 6 106 777777
-26 6 106 888888
-27 7 106 777777
-29 8 106 777777
-28 8 106 777777
-30 9 106 777777
-29 9 106 777777
-30 10 106 777777
-29 10 106 777777
-31 11 106 666666
-30 11 106 777777
-31 12 106 777777
-30 12 106 777777
-31 13 106 777777
-32 14 106 777777
-31 14 106 777777
-32 15 106 777777
-31 15 106 777777
-26 0 107 777777
-25 0 107 777777
-24 0 107 777777
-23 0 107 777777
-22 0 107 777777
-25 1 107 777777
-24 1 107 777777
-23 1 107 777777
-22 1 107 777777
-25 2 107 777777
-24 2 107 777777
-23 2 107 888888
-22 2 107 777777
-21 2 107 888888
-25 3 107 666666
-24 3 107 777777
-23 3 107 888888
-22 3 107 888888
-21 3 107 888888
-20 3 107 888888
-19 3 107 888888
-18 3 107 777777
-17 3 107 888888
-25 4 107 777777
-24 4 107 888888
-21 4 107 888888
-20 4 107 888888
-19 4 107 777777
-18 4 107 888888
-17 4 107 777777
-25 5 107 888888
-25 6 107 777777
-26 7 107 888888
-27 8 107 777777
-26 8 107 888888
-28 9 107 777777
-27 9 107 777777
-28 10 107 777777
-29 11 107 777777
-28 11 107 777777
-29 12 107 777777
-30 13 107 777777
-29 13 107 777777
-30 14 107 777777
-29 14 107 888888
-30 15 107 666666
-29 15 107 888888
-23 4 108 888888
-22 4 108 888888
-24 5 108 888888
-23 5 108 888888
-22 5 108 888888
-21 5 108 888888
-20 5 108 888888
-19 5 108 888888
-18 5 108 888888
-17 5 108 888888
-24 6 108 888888
-23 6 108 777777
-22 6 108 777777
-21 6 108 888888
-20 6 108 777777
-19 6 108 888888
-18 6 108 777777
-17 6 108 888888
-25 7 108 777777
-24 7 108 888888
-23 7 108 888888
-22 7 108 777777
-19 7 108 888888
-18 7 108 777777
-25 8 108 888888
-24 8 108 888888
-26 9 108 888888
-25 9 108 777777
-27 10 108 888888
-26 10 108 888888
-27 11 108 888888
-26 11 108 888888
-28 12 108 888888
-27 12 108 777777
-28 13 108 777777
-27 13 108 777777
-28 14 108 888888
-27 14 108 777777
-28 15 108 888888
-27 15 108 888888
-21 7 109 888888
-20 7 109 777777
-17 7 109 888888
-23 8 109 888888
-22 8 109 888888
-21 8 109 888888
-20 8 109 888888
-19 8 109 777777
-18 8 109 777777
-17 8 109 888888
-24 9 109 888888
-23 9 109 777777
-22 9 109 888888
-21 9 109 888888
-20 9 109 888888
-25 10 109 888888
-24 10 109 777777
-23 10 109 888888
-22 10 109 777777
-25 11 109 777777
-24 11 109 888888
-23 11 109 888888
-26 12 109 888888
-25 12 109 888888
-24 12 109 888888
-26 13 109 777777
-25 13 109 888888
-26 14 109 888888
-25 14 109 777777
-24 14 109 888888
-26 15 109 888888
-25 15 109 888888
-24 15 109 888888
-19 9 110 888888
-18 9 110 888888
-17 9 110 888888
-21 10 110 888888
-20 10 110 777777
-19 10 110 888888
-18 10 110 888888
-22 11 110 888888
-21 11 110 888888
-20 11 110 888888
-23 12 110 888888
-22 12 110 777777
-24 13 110 777777
-23 13 110 888888
-22 13 110 777777
-23 14 110 777777
-22 14 110 888888
-23 15 110 777777
-22 15 110 777777
-16 0 105 888888
-15 0 105 888888
-14 0 106 777777
-16 1 106 777777
-15 1 106 777777
-15 2 106 777777
-13 0 107 777777
-14 1 107 777777
-13 1 107 777777
-16 2 107 777777
-14 2 107 888888
-16 3 107 777777
-15 3 107 777777
-12 0 108 777777
-12 1 108 777777
-13 2 108 777777
-14 3 108 777777
-16 4 108 777777
-15 4 108 777777
-14 4 108 777777
-16 5 108 888888
-15 5 108 888888
-11 0 109 666666
-11 1 109 666666
-12 2 109 777777
-13 3 109 777777
-12 3 109 777777
-13 4 109 777777
-14 5 109 888888
-13 5 109 777777
-16 6 109 888888
-15 6 109 888888
-16 7 109 888888
-15 7 109 888888
-11 0 110 666666
-11 1 110 666666
-11 2 110 666666
-11 3 110 666666
-12 4 110 888888
-12 5 110 777777
-14 6 110 888888
-13 6 110 888888
-14 7 110 777777
-16 8 110 888888
-15 8 110 777777
-16 9 110 888888
-52 -2 87 444444
-54 -1 87 333333
-53 -1 87 555555
-52 -1 87 555555
-51 -1 87 333333
-50 -1 87 333333
-54 -2 88 222222
-53 -2 88 555555
-52 -2 88 444444
-51 -2 88 444444
-50 -2 88 444444
-55 -1 88 222222
-50 -1 88 333333
-54 -2 89 444444
-53 -2 89 666666
-52 -2 89 555555
-51 -2 89 666666
-50 -2 89 333333
-49 -2 89 333333
-55 -1 89 110000
-49 -1 89 333333
-53 -2 90 444444
-52 -2 90 666666
-51 -2 90 666666
-50 -2 90 444444
-49 -2 90 444444
-54 -1 90 666666
-53 -2 91 333333
-52 -2 91 666666
-51 -2 91 444444
-50 -2 91 333333
-49 -2 91 333333
-54 -1 91 666666
-52 -2 92 555555
-51 -2 92 333333
-50 -2 92 444444
-49 -2 92 333333
-53 -1 92 555555
-51 -2 93 333333
-50 -2 93 333333
-49 -2 93 444444
-53 -1 93 666666
-52 -1 93 555555
-51 -2 94 444444
-50 -2 94 333333
-49 -2 94 333333
-52 -1 94 555555
-51 -2 95 444444
-50 -2 95 333333
-49 -2 95 333333
-52 -1 95 444444
-48 -1 90 333333
-48 -2 91 333333
-47 -1 91 222222
-48 -2 92 333333
-47 -1 92 222222
-48 -2 93 333333
-47 -2 93 333333
-46 -1 93 333333
-48 -2 94 333333
-47 -2 94 444444
-46 -2 94 333333
-45 -1 94 555555
-48 -2 95 333333
-47 -2 95 444444
-46 -2 95 444444
-45 -2 95 444444
-44 -1 95 555555
-51 -2 96 444444
-50 -2 96 333333
-49 -2 96 444444
-52 -1 96 555555
-50 -2 97 444444
-49 -2 97 333333
-52 -1 97 555555
-51 -1 97 555555
-50 -2 98 333333
-49 -2 98 555555
-51 -1 98 444444
-50 -1 99 444444
-49 -1 99 555555
-49 -1 100 333333
-48 -2 96 333333
-47 -2 96 555555
-46 -2 96 444444
-45 -2 96 444444
-44 -1 96 555555
-48 -2 97 666666
-47 -2 97 555555
-46 -2 97 555555
-45 -2 97 444444
-44 -2 97 444444
-43 -1 97 555555
-48 -2 98 444444
-47 -2 98 777777
-46 -2 98 666666
-45 -2 98 444444
-44 -2 98 333333
-43 -1 98 555555
-42 -1 98 555555
-48 -2 99 444444
-47 -2 99 666666
-46 -2 99 555555
-45 -2 99 444444
-44 -2 99 444444
-43 -2 99 555555
-42 -1 99 555555
-46 -2 100 333333
-45 -2 100 333333
-44 -2 100 333333
-43 -2 100 444444
-48 -1 100 444444
-47 -1 100 333333
-42 -1 100 555555
-41 -1 100 444444
-45 -2 101 333333
-44 -2 101 333333
-43 -2 101 333333
-42 -2 101 555555
-48 -1 101 333333
-47 -1 101 444444
-46 -1 101 444444
-41 -1 101 555555
-40 -1 101 555555
-45 -2 102 444444
-44 -2 102 333333
-43 -2 102 333333
-42 -2 102 555555
-41 -2 102 444444
-47 -1 102 444444
-46 -1 102 555555
-40 -1 102 444444
-39 -1 102 666666
-38 -1 102 666666
-45 -2 103 444444
-44 -2 103 333333
-43 -2 103 333333
-42 -2 103 333333
-41 -2 103 444444
-40 -2 103 555555
-39 -2 103 444444
-46 -1 103 444444
-38 -1 103 666666
-37 -1 103 666666
-36 -1 103 666666
-35 -1 103 666666
-44 -2 104 333333
-43 -2 104 333333
-42 -2 104 333333
-41 -2 104 333333
-40 -2 104 444444
-39 -2 104 555555
-38 -2 104 444444
-37 -2 104 555555
-46 -1 104 555555
-45 -1 104 333333
-36 -1 104 666666
-35 -1 104 666666
-34 -1 104 666666
-44 -2 105 333333
-43 -2 105 333333
-42 -2 105 333333
-41 -2 105 333333
-40 -2 105 444444
-39 -2 105 444444
-38 -2 105 555555
-37 -2 105 555555
-36 -2 105 555555
-35 -2 105 555555
-46 -1 105 444444
-45 -1 105 555555
-34 -1 105 555555
-33 -1 105 666666
-43 -2 106 333333
-42 -2 106 222222
-41 -2 106 333333
-40 -2 106 333333
-39 -2 106 444444
-38 -2 106 444444
-37 -2 106 444444
-36 -2 106 444444
-35 -2 106 555555
-34 -2 106 555555
-33 -2 106 555555
-45 -1 106 444444
-44 -1 106 333333
-42 -2 107 333333
-41 -2 107 333333
-40 -2 107 333333
-39 -2 107 444444
-38 -2 107 333333
-37 -2 107 333333
-36 -2 107 555555
-35 -2 107 444444
-34 -2 107 666666
-33 -2 107 555555
-44 -1 107 444444
-43 -1 107 333333
-39 -2 108 444444
-38 -2 108 333333
-37 -2 108 333333
-36 -2 108 444444
-35 -2 108 555555
-34 -2 108 444444
-33 -2 108 555555
-42 -1 108 333333
-41 -1 108 333333
-40 -1 108 333333
-37 -2 109 333333
-36 -2 109 444444
-35 -2 109 333333
-34 -2 109 333333
-33 -2 109 555555
-41 -1 109 444444
-40 -1 109 555555
-39 -1 109 333333
-38 -1 109 333333
-37 -2 110 333333
-36 -2 110 333333
-35 -2 110 333333
-34 -2 110 444444
-33 -2 110 555555
-39 -1 110 333333
-38 -1 110 555555
-22 -16 96 333333
-17 -16 96 444444
-21 -15 96 333333
-20 -15 96 333333
-19 -15 96 333333
-18 -15 96 444444
-23 -16 97 333333
-22 -15 97 333333
-17 -15 97 444444
-21 -14 97 555555
-20 -14 97 555555
-19 -14 97 555555
-18 -14 97 555555
-23 -16 98 333333
-22 -15 98 555555
-22 -14 98 555555
-21 -14 98 555555
-20 -14 98 555555
-19 -14 98 555555
-18 -14 98 555555
-17 -14 98 555555
-23 -16 99 555555
-23 -15 99 555555
-22 -14 99 666666
-21 -14 99 666666
-17 -14 99 666666
-20 -13 99 666666
-19 -13 99 666666
-18 -13 99 777777
-23 -16 100 333333
-23 -15 100 444444
-23 -14 100 666666
-22 -14 100 555555
-21 -13 100 666666
-20 -13 100 777777
-19 -13 100 888888
-18 -13 100 888888
-17 -13 100 888888
-23 -16 101 555555
-23 -15 101 666666
-22 -14 101 666666
-22 -13 101 777777
-21 -12 101 666666
-20 -12 101 777777
-19 -12 101 666666
-18 -12 101 777777
-17 -12 101 666666
-18 -11 101 666666
-17 -11 101 777777
-23 -16 102 555555
-23 -15 102 444444
-22 -14 102 666666
-22 -13 102 555555
-22 -12 102 666666
-21 -11 102 777777
-20 -11 102 777777
-19 -11 102 777777
-19 -10 102 777777
-18 -10 102 666666
-17 -10 102 777777
-23 -16 103 444444
-23 -15 103 444444
-22 -14 103 555555
-22 -13 103 666666
-22 -12 103 666666
-22 -11 103 666666
-21 -11 103 777777
-20 -10 103 777777
-19 -9 103 777777
-18 -9 103 777777
-17 -9 103 777777
-18 -8 103 888888
-23 -16 104 444444
-22 -15 104 555555
-22 -14 104 555555
-22 -13 104 555555
-22 -12 104 666666
-22 -11 104 666666
-22 -10 104 666666
-21 -10 104 777777
-21 -9 104 777777
-20 -9 104 777777
-20 -8 104 777777
-19 -8 104 777777
-17 -8 104 777777
-19 -7 104 777777
-18 -7 104 777777
-17 -7 104 777777
-19 -6 104 777777
-18 -6 104 777777
-17 -6 104 777777
-19 -5 104 777777
-18 -5 104 777777
-17 -5 104 777777
-19 -4 104 666666
-18 -4 104 777777
-17 -4 104 777777
-19 -3 104 777777
-18 -3 104 777777
-17 -3 104 888888
-22 -16 105 555555
-22 -15 105 444444
-22 -14 105 444444
-22 -13 105 555555
-22 -12 105 555555
-22 -11 105 666666
-22 -10 105 666666
-22 -9 105 666666
-21 -8 105 888888
-21 -7 105 888888
-20 -7 105 666666
-21 -6 105 666666
-20 -6 105 666666
-20 -5 105 777777
-20 -4 105 777777
-20 -3 105 777777
-20 -2 105 777777
-19 -2 105 777777
-18 -2 105 777777
-17 -2 105 777777
-32 -1 105 555555
-31 -1 105 666666
-19 -1 105 777777
-18 -1 105 777777
-17 -1 105 888888
-22 -16 106 444444
-22 -15 106 555555
-22 -14 106 666666
-22 -13 106 444444
-22 -12 106 555555
-22 -11 106 777777
-22 -10 106 888888
-22 -9 106 777777
-22 -8 106 666666
-22 -7 106 666666
-22 -6 106 666666
-21 -5 106 777777
-22 -4 106 777777
-21 -4 106 666666
-22 -3 106 777777
-21 -3 106 666666
-32 -2 106 555555
-31 -2 106 555555
-21 -2 106 777777
-30 -1 106 666666
-29 -1 106 666666
-28 -1 106 777777
-21 -1 106 666666
-20 -1 106 777777
-21 -16 107 555555
-21 -15 107 444444
-21 -14 107 555555
-22 -13 107 444444
-22 -12 107 444444
-22 -11 107 666666
-22 -10 107 555555
-22 -9 107 555555
-22 -8 107 666666
-23 -7 107 555555
-23 -6 107 666666
-24 -5 107 777777
-23 -5 107 777777
-22 -5 107 666666
-24 -4 107 666666
-23 -4 107 777777
-28 -3 107 666666
-27 -3 107 777777
-26 -3 107 777777
-25 -3 107 777777
-24 -3 107 777777
-23 -3 107 777777
-32 -2 107 777777
-31 -2 107 777777
-30 -2 107 666666
-29 -2 107 555555
-28 -2 107 777777
-27 -2 107 777777
-26 -2 107 666666
-25 -2 107 666666
-24 -2 107 777777
-23 -2 107 777777
-22 -2 107 777777
-27 -1 107 777777
-26 -1 107 777777
-25 -1 107 777777
-24 -1 107 777777
-23 -1 107 777777
-22 -1 107 777777
-20 -16 108 555555
-21 -15 108 333333
-21 -14 108 333333
-21 -13 108 333333
-22 -12 108 333333
-22 -11 108 555555
-22 -10 108 333333
-22 -9 108 777777
-23 -8 108 777777
-23 -7 108 555555
-24 -6 108 555555
-25 -5 108 666666
-27 -4 108 666666
-26 -4 108 666666
-25 -4 108 666666
-28 -3 108 777777
-32 -2 108 666666
-31 -2 108 666666
-30 -2 108 666666
-29 -2 108 777777
-20 -16 109 555555
-19 -16 109 333333
-20 -15 109 333333
-21 -14 109 222222
-22 -13 109 333333
-22 -12 109 333333
-22 -11 109 333333
-22 -10 109 444444
-22 -9 109 444444
-23 -8 109 666666
-23 -7 109 555555
-24 -6 109 555555
-25 -5 109 666666
-26 -4 109 666666
-28 -3 109 666666
-27 -3 109 555555
-32 -2 109 444444
-31 -2 109 666666
-30 -2 109 666666
-29 -2 109 666666
-19 -16 110 333333
-17 -16 110 555555
-20 -15 110 333333
-21 -14 110 444444
-22 -13 110 444444
-22 -12 110 333333
-22 -11 110 333333
-22 -10 110 444444
-22 -9 110 555555
-23 -8 110 555555
-23 -7 110 444444
-24 -6 110 666666
-25 -5 110 666666
-26 -4 110 666666
-29 -3 110 666666
-28 -3 110 555555
-27 -3 110 666666
-32 -2 110 555555
-31 -2 110 666666
-30 -2 110 555555
-16 -16 97 555555
-16 -15 97 444444
-15 -16 98 444444
-16 -15 98 555555
-15 -16 99 666666
-15 -15 99 555555
-16 -14 99 666666
-15 -16 100 444444
-15 -15 100 555555
-16 -14 100 666666
-16 -13 100 555555
-15 -16 101 555555
-15 -15 101 555555
-15 -14 101 555555
-15 -13 101 666666
-16 -12 101 777777
-15 -12 101 666666
-14 -16 102 555555
-14 -15 102 666666
-14 -14 102 555555
-14 -13 102 555555
-15 -12 102 666666
-16 -11 102 666666
-15 -11 102 666666
-16 -10 102 777777
-14 -16 103 555555
-14 -15 103 555555
-14 -14 103 555555
-14 -13 103 555555
-14 -12 103 555555
-14 -11 103 555555
-15 -10 103 777777
-16 -9 103 777777
-14 -16 104 444444
-14 -15 104 555555
-14 -14 104 444444
-14 -13 104 666666
-13 -12 104 555555
-13 -11 104 666666
-14 -10 104 777777
-15 -9 104 888888
-14 -9 104 888888
-16 -8 104 888888
-15 -8 104 888888
-16 -7 104 666666
-15 -7 104 666666
-14 -7 104 666666
-16 -6 104 777777
-15 -6 104 777777
-14 -6 104 777777
-16 -5 104 777777
-15 -5 104 777777
-14 -5 104 777777
-16 -4 104 777777
-15 -4 104 777777
-16 -3 104 888888
-15 -3 104 777777
-14 -16 105 555555
-14 -15 105 444444
-13 -14 105 555555
-13 -13 105 444444
-13 -12 105 555555
-13 -11 105 666666
-13 -10 105 555555
-13 -9 105 777777
-12 -9 105 666666
-14 -8 105 666666
-13 -8 105 666666
-13 -7 105 666666
-13 -6 105 666666
-13 -5 105 777777
-14 -4 105 666666
-14 -3 105 666666
-16 -2 105 777777
-15 -2 105 777777
-16 -1 105 888888
-15 -1 105 777777
-14 -16 106 444444
-14 -15 106 444444
-13 -14 106 333333
-13 -13 106 444444
-12 -12 106 555555
-12 -11 106 555555
-12 -10 106 555555
-12 -9 106 555555
-12 -8 106 555555
-12 -7 106 666666
-12 -6 106 666666
-12 -5 106 777777
-13 -4 106 777777
-12 -4 106 666666
-13 -3 106 777777
-14 -2 106 888888
-13 -2 106 888888
-14 -1 106 777777
-15 -16 107 555555
-14 -15 107 444444
-13 -14 107 333333
-13 -13 107 444444
-12 -12 107 555555
-12 -11 107 555555
-12 -10 107 444444
-12 -9 107 555555
-11 -8 107 555555
-11 -7 107 555555
-11 -6 107 666666
-11 -5 107 666666
-12 -4 107 666666
-12 -3 107 777777
-12 -2 107 777777
-13 -1 107 666666
-12 -1 107 777777
-15 -16 108 444444
-14 -16 108 333333
-14 -15 108 333333
-13 -14 108 444444
-13 -13 108 555555
-12 -12 108 333333
-12 -11 108 444444
-12 -10 108 444444
-11 -9 108 444444
-11 -8 108 555555
-11 -7 108 555555
-11 -6 108 666666
-11 -5 108 555555
-11 -4 108 555555
-11 -3 108 666666
-11 -2 108 666666
-12 -1 108 666666
-15 -16 109 444444
-14 -16 109 333333
-14 -15 109 777777
-13 -14 109 333333
-13 -13 109 666666
-12 -12 109 333333
-12 -11 109 444444
-11 -10 109 444444
-11 -9 109 666666
-11 -8 109 444444
-11 -7 109 444444
-11 -6 109 555555
-11 -5 109 666666
-10 -4 109 666666
-11 -3 109 666666
-11 -2 109 666666
-11 -1 109 666666
-15 -16 110 333333
-14 -15 110 333333
-13 -14 110 333333
-13 -13 110 444444
-12 -12 110 444444
-12 -11 110 333333
-11 -10 110 555555
-11 -9 110 555555
-11 -8 110 444444
-11 -7 110 444444
-11 -6 110 555555
-10 -5 110 666666
-10 -4 110 666666
-10 -3 110 666666
-10 -2 110 666666
-10 -1 110 666666
-21 -16 95 333333
-20 -16 95 444444
-19 -16 95 555555
-18 -16 95 333333
